0 0.20069 0.88602 0.05523 0.05099
1 0.95451 0.47023 0.02145 0.03257
1 0.74815 0.44243 0.02244 0.02632
1 0.875 0.42303 0.02071 0.03158
0 0.27798 0.25855 0.04364 0.07632
1 0.64263 0.26201 0.02441 0.02862
0 0.65274 0.10428 0.04068 0.05592
1 0.36551 0.31513 0.0249 0.02763
1 0.38462 0.37105 0.0212 0.03421
0 0.26775 0.11003 0.0572 0.07401
1 0.33407 0.08964 0.02761 0.03059
1 0.47954 0.9074 0.02268 0.03651
1 0.01344 0.13799 0.02441 0.02862
0 0.70624 0.27599 0.02589 0.02368
1 0.07236 0.87895 0.01948 0.03158
