0 0.58666 0.28816 0.05745 0.07895
1 0.32384 0.59934 0.02392 0.03092
1 0.43343 0.69243 0.01824 0.02961
1 0.75986 0.78092 0.02219 0.03355
0 0.94292 0.39441 0.03378 0.03618
1 0.81607 0.74128 0.0212 0.03454
0 0.54906 0.50313 0.02564 0.0273
1 0.58937 0.4574 0.02392 0.02599
0 0.37167 0.44655 0.02392 0.03322
1 0.08124 0.91382 0.02194 0.02434
0 0.42123 0.90181 0.03624 0.03783
0 0.22017 0.55559 0.04389 0.05789
1 0.86021 0.42171 0.02219 0.02434
0 0.86255 0.19918 0.0466 0.06414
1 0.955 0.28125 0.02589 0.03553
