0 0.32877 0.65592 0.03378 0.03618
1 0.46474 0.78191 0.0212 0.03224
1 0.11354 0.89901 0.02441 0.02697
0 0.50703 0.25345 0.03033 0.03914
0 0.24926 0.02714 0.0286 0.02993
1 0.23792 0.39359 0.02268 0.02928
1 0.94712 0.1176 0.02293 0.02533
1 0.05868 0.76842 0.02416 0.02829
0 0.93503 0.49194 0.0249 0.03454
0 0.74248 0.6778 0.03526 0.04901
0 0.2283 0.79474 0.05325 0.05724
1 0.62426 0.2403 0.02367 0.02599
0 0.87623 0.82993 0.05276 0.06842
0 0.2018 0.42401 0.05399 0.06908
1 0.2876 0.52566 0.0249 0.03224
